20 8 32
11011101010011100001011001100001
00100000111100111110111101111100
11010011010110110101001101010111
11010001011001011001100001001101
00110100001010100100001111010010
11011100110101010101110111111101
11110011101011001001000010111110
00110110000110101101011111111010
01100101010011000010111111011011
11110111100100010100100001001110
10101000111000101011011001001110
00100011100111011010111011100011
11100100000110011010011001011011
01111000011000011001010111111000
11000111111010110100000101110100
00010001110100110001111101100100
11110010111000110110110001010000
11110000010011111010101001011001
10101110100111010100111101111100
10000011001001011010010100000101
