200 4 64
1000101000111000010111101111011100111001000001010101110000011000
0101111001001000010110101000110111001001011111101011000111111111
0100101111111000001101110111101010110000010111000001001100010110
0001001100000000000110111100111010010110101101101110100101110100
1001100110110111101111011100011101011011101100110010111010000010
1111101000001010001001110011101000010011011111100110100101101101
1001011110100000010010100110011100001110001110010110000110010011
0000100000000111010001110010110000111000011110100000111101000010
1011011110001011011010101001000100100000101011110100111100101110
1001010000000101000100101000111110111100010100110000110011011101
0111110101001111001001110011011000001110101000010111010001111101
0011000110010011000010101100101110110110000001100010101010011110
1001000110000010001100011101110010110100001101101111110001100011
1011101101111101110101101001110110111011011110100100000010101101
0110110000001011010100000001100001111011000001011101111110101011
0110000001001100101001110101001011001110010011000101000111111100
1101101000011001111110110110010100110001111000011011010111000101
0000001001101000111000101011110111110011001101010011110101111010
0011000000000110001010010000001101000101001111100000000010110010
1010000110101101011101010101001010000111001010000101001011001110
0101010010010101001001001111011010010111111111101001011010111100
1011001001000000101100001111101100010110100001110101011001101100
0101010100100001010111100010100100011000000010100110101101000000
1111000111010101010011100000001110011010101101111010101011011010
1111011000110110001110100011111000101010011001011111101101000011
0101100110110100010010110010101001100110111111001001000100101010
1000000110000110000101001101001100001110011110011010101010010111
1001100111001000110110011100101011000111111011010101110001101111
1100001011101010011110111000011001110100111101001000010001011010
1000101110001011111111001010100001100101000111010101000111001100
1110000110111100000000000010000111110010100100100001101110001000
1000101001011100101110010010011100001011010011100010110010111001
0000011011010101000001000101100010111010110100111010110001111100
0100110011110001111011111011011011110100101001110001010011111101
0001101110110110010101000111001100001100000110100010111011001000
1000000101001111101011100011001111011000000011100100100000010110
1000110011111000110110110101001000100110001010101000100000001100
0000000101111111000100011001011001110011100101111101000100111101
0111000100101111100011011010000010110110100011101111110111000110
0011110101001011001101111000001110010111001111000111110010110011
1110111010011011001100110000100001110000101000001101010000011000
1001011001000000101001110011111111111111001101110010011001010011
0101101111101111110001110110101100001100101001111000111100100101
0110011111111111111011001100111110000000010100110010001011001010
0100010000010100111110011010101001100101000111101111100011110011
0100000010011100111100101011100100000000000100000101111110010101
1001010010111011000000001100010101010011111011000101011100010001
1101000010110110010101000000101100101011100010001011101101101101
1100101001101110010011001001101001110011011010010101000111000111
1111010001001001010110100111001110100010101010101101010010001000
1001011010101101101110100011001011100000101110001010101100100101
1011011100101101100000011100001000111100101111100111001000000001
0111001000000010110101100001001001100101111011000001101111000100
1110010011111101110001111001010111101001100100111011100000101001
0000001111001001001011011011101001011000000000001101000100001010
0111011111000000111110111100011101100011011100101010110100100010
1000100111000110101010101110001101100101100111101100100111011100
1010100100111110011010101101101111100100001111111000001110010110
0101100001110001100110000110110011100010110111010100010100101001
1010101111111101100111010110000000111110100110000110101101110100
1111111101110001100011100110000111000011010011111110110001101011
1100010101010010001001110111111001101111010111010100010111110001
1011101011101100111001000101101111111101111000011010111001101100
1110010100000100011100011101011001001110000110010100001000111100
1000001111001010100010011011000110010011110111010010000001000001
1000011010011111000100011011011110100110001110000000011110100101
1101001000111001001101000010111001100000111110011001110111100010
0100001011111001000010101001110000000000010101110110110110001000
0010100111000010100000100000011101000010110110001111100111100111
1010111111000010010100110101000101101011110101101011010110100111
1000010011101010001111100100110110011011100101010100010000001001
1010011111010001011110110010001110001100011001001010010000001110
1001000111001011110000011011010000110111010101000101111101100100
0100100010011011101101000000100011010001011001011001011010001100
0100100010011000001100001100000101011111011111110011110111001100
0001110101111111011001000011110100111010010111101000110101100110
1111110110111010011100010111100000110101100001111011011010000101
1101010001001101000111111110000110100010100111000100001001011011
0000111011110010011111111111101111101011111101011001011010000101
0100000000101100010110101110000111111111001011110100010010100000
1100011011001100011011100110010011101110111011001010100011010111
1110001001000010000000010110111101110011110000111111101001010001
0100101000011001000010110000000010100101110101111111100110110110
1010000010000101100101010100001001101000000110110101011001101010
1100111000011100001001011011011011001101001100000010100110000011
0010000011001011101010100111011111010010110011010110001110000111
1100101110101100011000000110011101110001000010010110001101000010
0101101011110010000000101011011001010011111000100110001000111011
0111101000101000110011000111110100010111101010011100100110000110
0111100000011011110011110101000110100011100110000100011011010100
1111110001110111000011011010001110111111010010100110001011101111
1100001011011010000101100001011000000110110011111011110011011010
0010011011011011010110111001011101111111010010101100110001000000
0001011011000001101101001001100001111000010111100001100010110010
1111101110000101100101100100111101111111000011101000110101110111
1001100111101110010010011101011101000101011001101011100100001001
0100011000101100100100011101010001010111001000110100001111100010
1010011001100011000110110011110011100010010000110100101111110011
0100011111001011000000001011011110010011101011011101010001011110
1001000000011110111111010010111101100100101001011101001001001001
1000110110110011000001000101100001011101100111101000100100100000
0111111010100000101011101011001010110000101110001100110001001001
0111000010101010001100001111000010010110011001000111101011001100
0000001101100010111110110110101110110100001101011011000101010010
1000101001110000100110111110001011101110110011100010000100101100
1110111111000001111100000010110001100100000010100111010100111001
1010111111110000100001011001110111010110111000101001011011011010
0001100001001100101100111110000111100001111111100011110111000101
0110000111011101111011010001101100111110000110001011110000100110
1011111000000001110000001001011011001010010111001010101111111000
1000000111101011111010111000000111110001111001000001110111111010
1001000011000010011111010011000010110111100010010000001000100011
1110010010001110000101011011111011110101100101111111000001111010
0110111010010000111001000110001011100100100111011000010001000000
0111101101101101111011001100001110000100111001000100000101010010
1100111000011000010110101101011001100000001101101000101011011100
1101011111011000001000011001111001000111101110000001110110101000
1100000110110101000100101100100000100100000010100110001010000111
1100000100001110000000100100111111011001010100111100101001001010
0101101111110110101101101101101100000010001011001101111001111000
0010011000101101110111111001110001010010100101101010011001001000
1100101111010010111000001111011000110000110011111011001111001011
0001011100011001100010011100011010110101000101001100110010111011
0110010100001001100100001111111101100000110101010111000010010101
1001111101100100000111101001010000111101110000011111001011100101
0101110000011010100110110000100010111111100001000011110001101010
0110000101001011000011011010101000000110101000000000011111010101
0001110100011010000110101000001011001011010000001110111101010111
0001101011000000111110010001010101000101111000000001101010100110
1010110101001001010110011101111000110101001000111110011010011011
0000011100010000000000010001001110111111001010001110111100000111
1100010011101001010011010000100100110010101111100101111010101100
0000101101111101011011000011110101101011111100100100011111100011
0000011011101010100000111101010000001111000010010010010111000110
1100011100101001111111001010011111001001000111101111100111001100
0111100000110011100010001111001111100001101100110101100111000011
0011110010010100000111110111000111110011010001011011011110000010
1010001111011101110111010011100000110101000111001101110000100001
1010000101010100110111100010010000001010101101110101110010100011
1101011100110000110001011000101100000111101001101010010101110000
1000101000100011111111110111111010100010101010010101011110101000
0011011011100000110111001011100110111011110010101111110101010100
0010100011110110001010000101100110101000101100100000110001100110
0111011001100111110110101000001101010100110011100100111010101001
1011100101111001110011001011011001101100111111111100010111001110
1101010000110011101110000100000100110000011011001001000000011001
0100000011000001111111110100001110011010100010000000110110000111
0111011100111000111001001011000110000010010101011100111011111101
0001011110111111000000000001001110010110101101010011100100010111
1000110101011111100011100100100100011011000100001011011011101001
1100100101111100000110111000000010010010101110100111100000001100
0010011010010000001011111011000110010010011001010000000001100110
0111011011100011011101101011100110111011100100010001010001101101
1001101011000100111111001110011010001001000000101000011101000110
0010100110010110011111101101011001110010100111110101000010010110
0011100110001101011110101100010101001110110110011101011101111001
0010110011001011011100100111011001000101000110100110110111001001
1101001110000100100011110011010000111011010101000110001100110100
0101010011000000100011100000010100011110000101101001101110111100
0000001010101000000010000110101110000011010110111110000111100111
0000010100101111000101001100111011110110000011000010101101101000
1000010001100111010000010011011011100100111101000111001001101111
0110001001000111010100101111100010101000100110000110001111110101
1010111011001100100110001100110001011101001000000011011111100100
0111110100000000001011001110101000011000011110010010110110111110
1110000000010101111010000011111110011101010010011110101011100101
0110000001110000101100111100101110100001100101100111010001111110
0101111111000111000000101111100010111010110101000100000011001000
0000000000011110110111101010110100100101101001100110001011110011
0010100100100010001101110110100100111001101111001110000101101001
1001100111000110100111000100001100111000101010011001010110000111
0101100111010100000111011001011110110101011001011110100111100110
1000001011111000110011110110111000000100011110011011001010110011
0110000111111011100101111111001001110001000111000011110010011100
1001111101111011110111010100110011011011010111010011100001100011
1111001011011000111010110101001111111100111100010111011111011100
0010100101001100111111100000110110000001100011111101111100101001
1110010000100101001110110110000010010010011011010101011000110001
1111110000000010001100100001011010110101010101000001010000001011
1101000010100111000011011100001110010001100011100100111111100101
1001010011100001010000010001101011110011000110100111101011001000
0011101000011101101010101010101110000110010110110110001101011111
1000001111111000010001101101101010001111110111010100101000010011
0010000100011100001101011111101011010010110110101111010100110000
0100010001011001111010010110110001110010100000100010001111011110
1010000110101100101110111001100011011110111111010111000101111110
0111000001110101000011100100010111111010011111000111100111001010
1110110101001010100011000101100100111010010000100100011011001010
0100010011000100000000010010001011001011001110000011101010010000
0100110000011100011001101000000101001100100000101011111010001110
0000011101101010110000111110100010100000010000110111101111110011
1010110101111010101000100001100111000011000101000000110101001100
0010011101010101110100001110111010100010010100111001010001100000
0011101100000110111000000101100010010111100111001001101001011010
1100001001010110100111100000111100101100110001111101101010100011
0100011010001001100111011100100100110010000001010000010001100100
0010011001100010111001101001011010111010110010111111101011101001
1001011100111101001101001010110011001100010011100110110001100111
0001100011111001101011111110110100000011110101011111010000000111
1110011111001100110011110001010111101011001011001110100010001111
