161 10 128
10001111110010100001000101000110101100000010111001100000100100010011011101001010000010010011001011101011010011000011000110100001
01101100010010000001111000011100001101011100110010100011010111010010100000101111010010101001100100010101010001000001010000111010
11100101100001011010101000100011010110100000000111100100101010001010011111100000000110011111000111101011110100111010111010100110
00100100011011100100110001000111100001111111110010010110101000100110100111001101010101100010011100011001001010000011001000000101
00111001110001000100111001101110100100101001001000010011101011111111000001001101100101100001001000100011100011111000010010011001
10010100101010001000001000001001100011001110000001101001101101110111111010100100011111000010011100101000001110101100000100011001
10001010000000100110010111000010000101010011110110111100111101110101010000011000110110011101000111101011001001111011111101000101
11000111110000011110110001111111001100011111000001100000111010010101011110110111110011100100110000110101100111110111111111001000
10110001000010101011010011000101100011011010100011000110000000100001111010001001111000000000000110000100100101001000000001111001
11110010010000101111111001011001000001000100100010111111001100000100010101111011100100001010000100001100110101110110000100111010
00111100100001110010110111111011110100010111100000001111011100010011101100101000001110111011101000010100110000000110010010110011
00110011101111010111110000110101100101001001101100101101010001100101001101001101001100010010011010000011111011000010001010001010
11010111101101110000101010000000011010111001101001011000101001000101001000111111010110000110100100101101111010010001011111100111
00000011100001110100110001011101001111010101111100001111100111101101111011101110001010110000010010001110101101011010001110110010
10001110001100011111010101111000011001110001000100011111010000110010001111110111010100011101111010010001101100000011101110101110
11001000110100100111110011111111001101001001011101010010001011011101100000000111101100011000100111000110100100111100101101111100
10101110011101110101111100011110101101101010100100010001100001001000000111000110000010110101000100110111101001101010100011010001
10000001001101001011010110001100100010011010100011100011001011010100110110110010011101111001111101001011000010011010001001011100
11110110010101100110110111100011001000011010001101011100110101010100001010100001101010001110010011100110100100101010110010100011
00100111100101011001110000100110111011111110100010111110000011011101000101110000000100110000101111101011001110111100111111011100
10001111100110100010010010101010010111101111011011010011011111011011001010101010110111110101010100000011110101010100011100111100
01111001101010101010011101000100010000101011001100011100111000010011011001100001100010010110110111001000110110101101001100011101
01010100100100000100110001001101001010001010101011010011111001001110011100000100110111111110000101011001000001110000000111110111
10110111010010111110110011000101011101000011111100001000001100111111111001001100011100011110011111101000111010111000011110110101
11000010010001001000110111001101101100111000000100111001000000001010001011010111001010010001010101001010010100101001111000011001
01100000000001011000010101011110111010000101101100100000101011001101010001101110001000000001011111011001100000010011100101111011
10111000101111100010111110101010101100110001000011011001100010110110000001100001101111010100001100100010001101000110010011001100
11000000010000110100110111101100001010111011110110111001101100111010111100011000111101111010100010101011010001100001100100011110
01110001111100000000101100110011010111000000100101101101111011010011101110011000101110011011101101010111011101110111111111000110
11001001110000000011101011010000100011010011101010010000111001001001011100111100001111100001011001111011111000010110110100001111
01111101001001100011111111100001001111000010111000111010000111111011111110001011011011110101011101011000010001000001010101100111
01001100110100101101110110110111111101100000100000001110100000010110000111001000111101110011001010010101101000011101110100100000
10101000000010100000111011010111001010010101010110111101110000101100000010101011110001110010101000101110010000011110101111010111
01101010010011010010111010111110010000011000101011000110100011100100100111001101001000111000011000100111000010011010000110110011
11001011010111111110111010001000100100000101100111010100111110100000100111110001110001011000000001001110110010011100000110011110
00010001010101010111001010000100110100101010111110101001101000001110111111001100000111010011000000001011110011100011110110110101
01111000011011100110010011111010001111110111111111001010110110010101001100110001110001111001001000000110101001101000010100010010
00111010111001101001010000011010100101010001101010010101001000100110100000111101110111100011001101110000000111000101000011001011
10011001001100101010001101001001100101000001100101000110011111111001001001011111011001101111001111111011111000100100111010010100
00010100010100110001000101000101010001111001010001101010110101110010110100100111101001101000101110111101011000011001000011111010
10011111100110100000001100100111101110111010100010100000111011010011010100100010010011001110001100101000011111101110010100010010
11101010000110000101011010111111111100110111010001011011011110010000101010100010111011100000010100010000010000100100001010010001
11011101101001111101111011100000110001101000101000110100000100110110101110000110100110010001100010000111110011001001101101001110
01010000101101110011110001110011010011001111111000001000000100000010111100001110100001001001111101111001010011110110111110011011
00110011110101010011011000011111100010011001010111101101010101000011111001011001001000110111111000000010010101100010010001010100
10000101111100010101111011001100111111010001001100110100100111111010011110111000000000111111001101010100101111100000110110110100
11001110110011001110010110000000111001110011001001010110010010010001110001100010100101000000100110110000110101110101010111000110
01111010101001111100100001110111001100100001111100000111111001100101010001011100001010110011101110000110110101010110011100100001
00000000111000100110001001010000100100101101001100000010101110011010000111110000101100011100110100000011111111100110100101000110
11000011111100110111100100111011001101011110011111101110100011110000101010010100110000101101011111101100011110000111101000010011
11111000001110001001010011011101100010110011111111101010011101001010100111100000010001011100001011011011011010011101100100011111
00001000001000000110000000100110110010000100110000100110011101100010111011110110011100001101011100110101110100100101100010001001
00001111101110100010000100000010100110101110111001100100010010100110000100011010001110110110110011111001011001011101101001000110
00000000101100111000001010011111001100011100011010001100110100101110100111010011001101010000001101110101111111001101000001001100
01101111010101001001011010000100110011010101001011111000101101011000011011111000101010101111110010110010111001110000011111100011
00100001011110110010011010011101000110010000100110100000011101111110100010010000010110000001010100110110110001011100110001110100
10011110111111010000000100100110110100011001100001001001111100110101000110001011010011000101011010011110000001001010011110001101
11110111111100001010011101111010000111101001101010011101000111110000100010001010110100001011011110000111010101000010101011110011
01110111011001100111100110000000011000111110100111000010110111100010001011111110010111011001000010110000001100101001101010000111
01100011000011101000001111011011010111001001010101101001110101111001101000101110001101000001010101011101101001111100010110000001
10010001001101000100011010110111001000100100100111111101111000011100100001001111110001111101110101000001101110000110011101101011
10001101110111001010000100110011011000101110000011100000001110101111100111111011110001100011100101111001100010100011111010001011
00111110010000010100100010101011001111011010100010100010110010001001000101110010111011000110100100110011101000011000011001001111
11001010001101100100110010001101100010110010110101100000000010110011000100101010101101110000011010011101011001111111010001000111
11010010100011001001001110001001010000011110011000011100101010100011101000110101110000111100111111010001001011110100001001101100
01011100010001111100011100111111100010100010001101110001101110010111000101101110000101110010000100000111001000000111000101000010
11101100110100010010011111100010110100011100000010011101010000011011110110101110100010100111010011101100101111111000110001111010
00010010110111000010110110111001010000111011111100111010110010010000011110110011110011100100011110100110011100000100110101010010
11110110111000001000110011110110010001111101010110000000111000011000100100001100101010110111111010001101001110111100100011000110
00000101100010010111111000001000100010001001100111011010111000001111001010101111111110000010110100001110101111101000111101011111
00001111011011101111000010000100001101010110100111100010001101101111101001111101000011000000010000111000011000011010001000111100
10110000001001100110110101000100110011100101100110101111011111101000001110100011000001100000010101111111000000000101111010010001
10111110001111110000011010100101110110010010010110011011010110100110100010101100101010010100101011000110010100000010111010010000
11010100010000001011111111110111101100111000001101000010101001110101101010001100111101001101101100100100011011111100101000001111
01100011100100001110111010001111010011101011111110011001000000011001101001101111100111100100101100011011111100101111100111110100
11011010101101001011100001010110000001101011101010010000110100101001101010001000011100100111011111101000101111101111000001111011
11001011001101101011011010000101011111011001110010011111111011000110001000111010110111001000011100101010011011011111100001111000
10100011010110101100100110101011010000100001101111110110101101111111111010010101010110010010110010110100100100010011101010101100
00111110110111100010110111001000101101100010011110000101011111000011111010011110001001010010010111001000101000011111101000100000
10100101101010010110110011001010010110000101001110100101011101111010111000110101100100110101001110010110100010010100111110011110
10001011001001001000000001001000100101110110010000111101101001010100011101101000101010010110110010100110100010000010010111100011
10111101110010100111101000100011100101000110011010011101011000111010110011000001111000001001001010001011111101110100001100110000
11110111111100001110111001000101010111110110001010101001010111101111111101001100101000001100110101010110100001010011111100000010
10000011011011011111010110001101011001011100101011000011001110000101101111110010110010101000110000001110001011101110000011110001
01100010100100101000011101011000010110111000001010000100101101100011011110110000010010001000010011001011110111010001100010100100
00001000111010000001101001001011001001011111111110000111000000010001110110001111110001010101010110010001100000111111010111110001
00001010101001000100100101100010001110000100000101001100011010101111101101101001011000001101010110100001100100011101011111010100
01101011101100101011110011111100101011101101001001011100010010010000111011110110101100001000111011000000110000001000101011000000
00001100100111100000100111110010001000101001011001001101001010011000011010011111111010000100001010000011010010101010100111011110
11100110111100110000110110001110100101011011101101010011001001000100010100000111000001001011100010111010000011101100110011100110
00100111010100000100111001100000110010001111010101001001010100010000000110001110010101001011100101101100001100110001101011111101
11100111011111101100100001000101001100001000010101100000101000111101010011101101000010011101111010001111101011001010000111011000
01011101110101000011101010010100011110110101111011000101010110110111000100000111111000011010001010010001001010010101001101000100
00101110000101100111011010100100100100100100011111101110001111101001100110011000000000001110010000101000000111110101111000100010
10111101101010000001110100110001001111110000101111001111101010101101011010100101010000010011100110011100111001101101111100100011
00101001001100110100001010001101010010011000110111110000001000100010101101111010000000111100100100011010000100111001110100000001
01001111111011111011111100100100100000011010100111100000011001110101011011111000111010100011010100011100000001111011100000111101
00000111101001100001101100110000000001101101100011101110000111101011101110100110011111010000110010111001011010010001101000011001
01111101100010101100110011101011010101001101000110011111101010110000000111000110101001111111110100100001100010011111100010110100
10111110111011010101101001100000001010110010011110110110001010011111101100110000000001100101001110011000111111000011110111011001
00011111011011111001101100010100101010111010010110111001000110100010110111111110111100001101110110000000100010000011001100100100
10110101101011100010010000111100110011110000010000010100011100001101000010000010101101010100001101001100001101110110001011001110
11100100100101010010001100010101010001111110000000010101000111101100110110011000000110001111101110111101001101011111001100001111
10111011101011000111101111111110011101001010101000000000011101101111101101111011101000001111101000001001110100111001110110110011
11010101100100001010010001000101100111100001110111001001100001101011100101010010010110011111111011100100010101001110010011010110
11000110001101101111111110100001100011010010100101101110110010011100001100100010100010101100011001011010101101000001001010011001
10101001011000111010010101011110000011001101010010001101101010111000010100101111000111010011101011010111101001000010101111011011
00110100110100110101001011100110111010000100011001111100100101000111010110010101101110010001100110011110001001100010011100110010
10111011000000111001101011110011010010010100000110110000100010010010100100011000110001111011011101101100101011001100110111110001
11011110011101010100110100011110101010001101000110000011110011111001100001101010001010111011000000000101001110001001111111011001
10111111010101001100000101101100111101000010100010100100001001111010110100100101100011101100011010100000011010101001110100010111
00010101110011101001110100011101000100110000111101110011001101110110010010111001011100111100010010001001100001011101100000010000
10111000110100101010110111000000001101100001111001110100101100001111000100001001000000111011100000011100111000001000001111111110
11010111100010001101001110111100011100000101110100010101110010011110010010100010100001100110000110010110000010110110111001101011
10000101011110001001110000100111011101001101011110111100101101010010111111000110111000111111011010110100001110010110011111010011
10010101011101000101001110110110111111100000110011111000000001011101001100011001111000111111100111100000001111110100011111110010
00011100000001101100100000101100111000010001000011101100001010001110110111010101111100001001101001100011110011011010010000100001
00001110011011101110011111101101100010100011101111110000111110111011001110100101101111011100101001101110000011100100000001011001
11000101010000010000100100001111001100111011000100100101110100100000001101101001010110100001000011001000010000110011100000101111
00110011110001111000100101111101110001100101001010000000101101110010110101000000000010110011000000111100110101010010100001110000
01110001111110101000010011100011111111100111101101110001010100010110001100010101000010100010100001010000010100001000101110101100
00000100011010110011010100001101001100100000100101010101001101001101011100011110101000001011101010001000111111000010111101110101
11001001011111010110101100001000110011111101111101111001010101111010111111010011110100011010100010100010111000010001010011111101
11100111111010001101001010100100110010111000011011011101011100110011010000000101111100000010011101001100100001010011010000101011
10111010101100111001001110100101001101101110110111100111101000101110110011110100111110010001101010111010111010110000100001100001
01011011101111001001000100010010101000101010101110000010101010000010100011010110010001001110010001101000010010000000100100111110
01110011000010011100100100001001101011111001000001011001101110110000000011011010110000011001101000000110001001100011001011110010
01110110100111001000011011100100101010111111001011110000001011001101100101100111001011100000011010010011100111100101011010010111
01111010010100100011001110111111111101110011010110010111001101011111100001010001110100100100111111010111000101100010100000000101
11001000111010011101101100110000010110000110111000111100010110001001010010111111111000000100100111101000100111011111001111001100
11010101100101110001010101100101110111000011001111010101000010010110100111001001111101110010010000001101110001100000111000011100
00010000010110101101010001000101010111101110011011111011111000100000000100100011110000101101111111000001000110111100100110101111
11101111010111011010101010010100101100101100110101010110110011001011010101111111101101010100001001101000001100000101000010111111
00100000111001110001101010001111110011110001011110100110010101100010011000100111101011001111001111111011110110011111001010100001
01110111011101001010100111001001111110001011101101001010100011100111001101100111000110001000101010110001000111011001010111011000
11000011011100000101010111001110100010110001000001010011000001100100011111000001000111001111110001011000100000000001111001010011
10010111000110001100010111100100000001001100010100111001001110001100110110100111011101001110001001010011001010011001000000101101
11111100100000010011101001110110010110111100010000101010100111101011101000011101001010111110001101000000100110110001111011010011
10010100001101010011100100011110010000000000110100001001000001101010000011101100110001011101000010101001100110000011000001101001
01110111100001101111011010110011001010001101010100000110111111110001111111010100101001001101001110101001011101010000010111101101
10101001100111011111100001100111111111001110000111000011100011010110110101001101100111110110110000000000110001001111110110010100
10000010000011000100111001111110100010110101110000011001110111011101110111100100111111000000110010010101000100100011001101111011
11011010110011100100110000011110100100111001101101100000100010111010010010010111101011001111101011110101110011000011000010010110
01001110110010000111101111001100111000010001011001010101001010000011110111000000101100110010000101101011011111011101110110111000
11000001011001000110100111011111111011111011011010111110100010110000101111000111001010100101100000111011101011010101100111010100
11101011001010100000111011001100010110101010111010100100101010110000100101010001110110000010101010000010011110110010000101001100
01101101010101011101011000001010011000111111100000100001000011111011000000101110111000010110111010110110011010011010010110101101
01111000000101101010111111001000101101111011001100011111100000111111101100000000000010110010011111110111000010011111010110100100
00110001111100110000111111111100111110100100111110111110110110110000110000000010011001111101001011111111010110000110110100001001
01111011111101001001100000001011010001000101101001101110000101011011010100001000010001100110111000000010011101101010101010001110
01101100011000000011000111010111010001110010000110110111010010000101101011000010010001100010001101110010111001101000010010110001
10110000010101111001011001111101001000001101111010100011101110000011110101110000001101000101011000000011000101100011010011100010
01110100101100000110010000001110110100001100001001010100001101010010111101110000000100001110111010100011101000011011011110100101
11001111010101100011111001100111101010100101100010100000011110111100101011111111011010000101010111100100110000001110110111111101
01001101100100000010010010111000111110001001000011100011101111111000100111101101001111011010100111110110100011111100101111000100
00110100111010010011010001101000000110011011010001101100101110110000010100100000000011011011111101101010000000000110111000011101
10101101110011001100110101101011101010000111010100010110010010101110000110110001111110100110111011001101110010111000100100011110
10111100101001111100000001101110100001111011111111001111101111110001010010111100011010011010101111001011011000010110111011110000
10101111100010111001101100101101001110010001101111110100000100111101001111000000001100010110010010100001011000010001001010100111
10100111101011000101010001001100101011111001000100111100110110001111010100101100000110010011010110000010010101010010001000111000
00010110011110001011101111100000101001100111110111100111001110111010001110110000101101010111100010010100111011001000100110001100
