20 4 32
00100110110010100100010010101110
10111100110001111010101000000011
00111101010111000110100110011001
11111110001011010001000000110111
00010000001100101000111000010101
11010111111010111101101111110000
11011101100100001001010011000111
11100011100100011010100101111101
11100110001101111100011001010010
10101100111111011010100011100000
10000011001010001101011101101111
10111000011001110000101010111110
01101111001001011101000110100001
10001110111100011010010000100011
10000110111000111001011101100110
01100101110101100001001111011111
10110000011011000101111010010010
00011111101000110001000111100000
00111110111101110001000001011010
00100100011111111101101100101111
