111 10 128
00100001001110000000101100101011101111000100111101011101100001011101101100000111000011100011110111110001000111010000011011110010
01000100100100000111111001011000000011100110011011011011000000101000100100111110110011001101010001111000011111000110000111011111
10101010000001001010101101100001010011101110111100110110011110101001000110110111100011011000111111101101100110100110011110100000
11001111011011001000010000100011101111101111011000001010001101101101100111111011101011011010110010011101010010000010000111111111
00000101110001001101101001100011011000101011001010110111011000111111111110110010101110101110100110100111111010011110011000100101
10000111011101111111011001101001101011000000011011000011000111011011011000100000100110110011110111110110010101100001001000010111
00001011110001110010110001001111110001100001011010010011010010111000001001001111111101101100011001010100101010100101100110010101
10010111010111110101001011111101100011100001110100001100101000111010101111000111001010110111010010110100101101100001110000000111
00111111011110110000001010010111001011101001010011000000011101101110111100011011010000111010011111001000100010000111011010000111
01101011101000110111010001100001110000011000110101100010111011100110011011110111011100110101101111000011110111011101011111100111
11101110010101100100000000111100101100110011010010110111110100101000110100100001111001110100111101000010111001111111110001011101
10010000111010010000101110111111100110011100001011100001010010000111101011100100100101001010010011100111100100001001000010110110
10001001000111001011011111101111010011001111010001001010001101001100100111000111001001000110101111000011100100101100000110100111
00111001010110100000001110010101000011001011101010101001111010100101011100000110000101001010000010010011100010111111011100001000
00011111111111101000111111010010011110100000101110101101110001000110101000110110111010101100111000011001100101110110110010100111
11111100110110110010000111011110101001001111100111001100101100011111111011010011111110010001110010100100011101001001110011001100
00111001100010110110110001011010111101010011010010000111010101001011100101110111100001010110100110011000001011010110110000010101
01100101111101101101110101010101110000011010001001011001111110101010010110000101110011110101011100111001010111101000010101101001
11100111100000000111011001110111011001010111000111001010010111100100111011000001111110011001111111000101001101000001100000000101
00110101111010100010100000010101110001110010010101110100111010010101110111001110100101110000011010110011001000011100011000101011
00101011111000101011010110111100100110000000000011010011001111011001011001000010001101010110110010101110100100001011100011010001
01110101000010110011110110011000110100100010001000000100010111110100000000110011101011111011000000101101010011001111101100011111
11011110010100010000101000111100111100110110000100001100010110000010101100101000010001011000010111101110100100100101101100101101
00100001011011101100011011110010000000101100110011001111000100000001111001001111111100010110100011111010000111001010000110101011
11110000011011011011000010111100011011100111011000111110001000001011011011001000110011011000000110101111000101110110001110110000
11000010100101111110010001101100110100100001111111110000101001101011000110010000011101010000110111111011110010000101010111000001
10101011000001101100000101111111110011000110011100101011011111011000111111101111101000111111010000001011011011111111010011011110
11010100010010110101101100000010001001000111100011000000000011111001010011101100100111110010010100000011011110001001001010110001
00100111001100000001011010001100011001011110011000111010100110101011110001100010000011100101001100001010101101110111111010000010
00000101111100011101011101110101110000111101001001111100011001001000000010011011111011101101101010001011001001000011100000111101
11100101100001010001001101001010100110011011011000101000001100111110111011001001010011001100010001010000010010000001111001010111
00100001101100110111110010001001110111101010010000101011001100101110111001101100001010110011111001011111001010001110111100001101
00101000101010000101011101000010001101110110001011000011010101011101111100001001101000110010110001000000111000000100001111001100
10011111111100001001000011011011101100101111101111110000111110100110010010011000011011010110100110101110000111101100001100010000
00110110011100011110101101011111110111000010010001111110000111010000010101011011001001110000101000100110101110111100001100111111
11001100111001101001000011010100011010101000101011111000101000101010111110001110100101111001101111111101100000000111010010111111
10111011011110100101101111001100110011011011110001001110011110101100011010101100101101011000110001101001100010010110110111000001
10110110110010100101001100011111100010011010000001101111111011111011000110100000111101110100111110101000001010000001111011010111
01110000110011111100101001010100010111110110000001001100010000001011011010101101111011011111100011010011001010110000011010111000
11100001011100101100011010110001011000101111101011101111100011101010000001101100110000000101101001000011111101000010101000000100
11100111100011010010000101110001000101010110001111110111010000011011101001110011100011001010011101110101000100101111110000110111
11101110110110010110110000010010011011101000011100100001110010011000000111011001000110101001100001101100111001100001111000110001
00010011110111010001001010011001001110111010101011101001111001000000100110100011100110100001011000110101000000000001111010101100
10001011101100011101100000010000100101111111000000101100111011100100100100010110110011100100110111000001001101101010100111010010
01011110010001111100001001100011111011011110100110110010100010001111001110110001010100101010110100111001010111000101010110111000
10111111101110100110101010111001111100100100101010100110101010011001110010101011011010000011011100111100000010010100111011010011
01101110100100010110001111010111110111110101100111111111100011111101001110000101010010110011110111000110100110100111111000111110
01100001110110011001000011010101110101111111001101011100110111110011111111011000100110110101111100011101111110100010010000001110
10100001001101100001001100111100010110010100101001011101001100110010110110100100101111100101101111011101100101111001101001101111
11011110100001111001101110010100111111101110110100000011111001010000001110100011000100001101100100101001010010101010000110000100
00110010010101000100010011011001011101101011000110011010001001000111001010100011011011100101000000110110100111000110001010001001
10001000000111011010011110101001110110100001100101101110110001011001001001111101101110010110110000111111100001101011001000001100
11011001000100010001011110011100000100010111011010111101111000111110010001001101011111111011111101100011101101100001001001101010
10000000000100100110011001000110000000000101010110100100100001000111010110110101010010101000101110101100101000110010100100111011
10001010011001001111110010111110001000000100000011000001000010101110101001010011101110011111011001010011101110111000100101100001
10010110111100100001011001011011111000010101010111110100000110100000100110011010010111101001001001010000000000111011010000000101
11101011011011111010101001110100100101000010111101001001100111111110101100100100000110110010111111000101101110001000011101110011
00101000011000010010111011101011011010111000100100110101111011011110111100101100001001110010100001101001110001000100010011111100
01110110101001000011100101010100010111001001101111111100101111011110001100111011101100000111111001101111000110100100010110100000
00001100111110010011110000100011000011000110001100011010111100010000000110110010001011110111001101001111100011010001100101011100
01011011000111000001110000100100110001001011010110100001011101010001010101000001011110001000100001111101101001001000110000001111
10101001100100110010110101110001100111001010001001111001111111111110100111101100101110001101000111111001111100000000010000010011
00010111010001111000010110111111101001110000000110101101000000100100000110110110100101110111111111011111101111000001101011000000
10000010101001000100011011110111110111011101100000110011000011010111101111000101110000101100111001111001100000010001111000110110
01110111010000001100101111000000101001101100110100100000000001010101011010001000000011101111001111001111110101001111011001110000
01101101001110110101110110101001010101101000101110000110000010000001110111010110110000001011011101001100100101001101111011011011
00011111101010110100110001001010010111110000001000010101011000010000111001110000001010101100101100110110011011010101011100101001
11000101111101011100100000111100010110001111100000111010001001101000001110100001000110011111110010110111101110100011101001100001
00110000100000010000000100111101000111011101100101001011111101110110110111001010011010001000001001101101011110001001001110111000
11101010101000111100100111010010110100011011000111111000010000011000101111000001110111101101011011100011110100111101011100111111
11001000111101100110011010000110010101100110010110110111011101110000101011111100001010000001001011100111000111101011100110000001
11000011000100110111000101100100101101010110011011010101101001000011110100010001001010000110010101010010001100010001101110100000
10001100010011111000101010111010001001011010001010001110100000100111000111010111111111101000101100101011101010101000110101011100
10110111000001011000111111110000111110110001101000001110110110110000100100010001110001011100101111010000101100110000010000100111
01000111101001000101000101110011110101000111100111110100100110101011010111111010001110000001111000000101000110111100011100011111
00111100101000110000011001000000100010100101111111101001001101111100010001010011101010011011011001110001001101001011001110000100
10101111110010010010100111101100010011111000010101001100100001111000100010010010011010010101011111101011000001111110000000111011
11010111111000110010010001111001110101110011101010010000101001001010110001111110101101011000111100110101110011110010001001010111
11011110000101001101111100110000111010011011101111010111110110110111011010001001101101100111010001000011000001010111100101111111
10100100100001110111101000010111011110101110001101110000100011010101001010110111000111100110100101000100101101010111000000011011
00011011001111001110001110100100101010111100001000111001100010011011001110100011010101111101010110000110010111010111000000101110
00100010110000011100010010001100001100000110100111000000010011010010110000111110000110011100101011101000010101111011111010100100
00001101000111001101000101111111000101111001000100100101110011011001010011110000000111001101010111001001111010000010000011001011
00111101101011000011100001011000101001111011110111011001000111011111100110001011001110110011110011001011001001111110101011010010
11000011001101110011000001010110011011000001001110000101110001011011110001111101110110011100101100100010101000001001101110110011
10111101000111100101000010100000000001010101110011011010000011001011100110110000001100111100101001110101000100100100011011111010
11010010101101111111100010111100111110001110101101001001011010011101001110001010001101010100111100010110101000111000101110001001
01100101000100001010011111101011001101110111111110100000011111001110100101110110001001010111000100100010101010010010100000100011
00000011110111011110110001111001111110110000011011110111001110110011001011011011100110000001001101010011111101111101001111011100
01101001001011000101001111111101011000001000101100111010100101011011000100000001100001100011010110101011110110100000100101001011
01001111010010011010100010110010111100010111000111100110001101100011000001111111010011101000101110000110000101101011011000010111
01001100000111110101000101100011011010111000101010110010110101000110010100110000001100101001000001100101111101110010011100010100
10011000100100111001101010100111111001011111110001110111100100011110001110101111110101011110110010000111101000010011101100010001
10101100111010000111000000000110011010000000010001100001011000111001000000000010111001001111111101101010101101111010001111100001
11110100101111001001111111001110011001111010111011111100110010111110001001111110000011000100111001001110000010001110111011000100
01110110011110001110011110001101101110100101000000100000101100001010001110101000000011010011000011010010110110100101111101101000
10000010010010110000101110000111011110111011011111110011100101100010100111001000000100011111000110011110011111000100100100001000
10101010100100101001101110000100110001111110001101010000001011100101010010010011111101100010101100111010010100010100101101100010
10111011111001011011010010000101100100000111011001011111001000111011000010111010000101111011111011001111111111110000001101100110
11101110101011100111101111000111001101111011010101011111000110100011010001100000111101000010001100100000011101100010001011101000
10111101010001001101111000011101100111110001110011010101101101110101101100010101101100010010100100111010101101101000001000100110
01001001111000100000111001100001100010001100011111100110111010100100001101010100001110011111010000000010111010011010100110010011
00110010010000010001001101111000000111011001101000001100000110010111010000100101100010111001011000010011101101100001000011000011
11001000110111001111100101001000011000101001000001011010011101000010010100111111010010000010011010000101101001011100001111100001
10001101101010101000100011111101010101101110001011111011010110100011111101011101111011111100111001101001101000001101011101111111
00111111100101000101010000111110110001100100001001000011001100111001111001000110111100000111001100011110011001101011110010000100
11111110011011100001110111100110111011100010100000000110000101010000111111100101000011000000101010011001010110100111000000100100
10011000000000011101000111011111010001100101010011101101111110011100000000110010001110000001110111101000010110011111011111110111
01001010101011101110000101011001001000000010101001011110000011110011000011101111110000100000110111000110000001010110011000111100
00101100001101010010111100011001011100100001001001110110110011010111000001010111001010001011110110110000110010100101011011011001
01000100001001101001111011001101110010001010011011110000000101100010000000100101011111000110010100001110010011010000010000101100
