181 10 128
11100010000000111101001111111001001100111011101001000111001111001111000010000101100001000011000011001011101101010000101111100001
11110101101101000011110111100111101111100111110001110011001111100111011110100001001111111111000011100101100101000010110100111000
00111011001010001000000101110111001101111000111101000101111110000011001111000110011101000000100101111011111100100000011001011011
00111100110110011110101000000010110101110000111110010110100010100010001111100001111000001110101101001100010100000101010011001011
00101100001110100100110001101010101010100001011010000000000000001111010011001100011100111100101010101011000110001100010111010011
00100010101111011100100001111010000100101101110110100100011101110100000001011010101110101110001010110101101101101101101011001011
10100000001110110100110111011010000110010101110011000111000111011011101011000100001100100010001110100111010001010010101100001010
01001000101000101100100100110000001100111000001101111110011001011010101000111001001000001101110100100101101111001110011000011011
11100110100001011100000110011111100111010101111110010110111100001110100110101100010110100101111010001011000010010010000110000001
11000000001010010000011001100010010000111011001111100011110010000101111001000110100100101111001010101111100001111100010110100101
00010000011111000110001011011001100101001000110011110001101010100001110100101010111010001000010111101101000001100110110110111100
01110110111011100111100100011100110111010000010111110100100011000111110101110111010100100011011000111100101001111001111110001010
10010101111001101100010101111001001000111100111011000000101001111001001001001110010010011100011110100000001001001000000010010111
10110101110100111011001100001101110011100110100011111100000111101010011111001001111111011001001111011111111100001000000101000011
01100000010011000011110111101101111010100000001001111100010100100101110001111000010011010000100100100001101100111111000011111101
10111000001110000111111010010111011011110101011101101101100001000111100000101111110110001000101110000011000001100010011100010000
10100011110011111001111101110101111101101110000011110011101000011100010111000100110001111001000001000000011101111010010111111111
10111100110100111110100010001111101101000011011110101001110011010110010101100000011101001000011010001001111011101110011000101011
11000001101001010101111000110101111101110100000011111010000001000100110001000000100111001010001100011110110101110000001100101011
11000001110011101101010111100010000000001000010111000101110000101110111001111000001000001010000010011010000111111110100000010001
01100010111100010100001100100110100101110110010011010010001100010000100101001011011010010100111111010101000100111001110111101111
00111110010110001110001100000010110101101111011000110000000000111101010000111100001110111111101001011100001101100101110111111010
01000000101101101000000101100000000110000011101000001101000111111111001101001001100101000111110111101011001101011110100100100100
00101100000111101111000010000001011011111110000110011111111110001111000000101111101100010010000010100001010111110110000101001010
11001111001110001101001001011000010010100100000111011111001101010011110100111001000111100101100010001011100010010100011010100010
10001111000111001110011100111111000110110011100110101011000111111000010101110101100011010010011000101001101001100110101011100010
11001010010000010101100011101100010100101100101011001110110101010111101001100010000101001010111110111100011000111011101010111101
10010001101010111010110010001000111111000001001001011010111110111100111111001000110000110101111101010110101111101011111100001010
10011011001101100110110001001011001100010001010000010011011111100011101001000111000010001110111011001000000111011001110001110000
01000111000100000100000010110100001000100101011101000110010101000100001000001001001001000101110101000111110101100011011010000001
11001100011011111010000110011011011100100101011101000001111000011010000010001111100001010110000111100110111000010110010000010000
00101110000011000110000011100000101110110111110110011111111010110110001101101001111110000000110011111011010001110111100110101011
10101101111111000010001010110000100000111001111111001000001001010100011101011110011000100001010100011001010101011010000111100111
00101111110111111011011001101110011001011000100010011010100111110000000011001111001011010001011100111100111101000011111111000001
01010110011000110001001000001101101010110101011000010110101110101000110101111001110010110100101100110110000011000111010010111000
01010001010101000110010100100001111000111011100100001001101001100011111000101010001001011000101100101010101100101000010000111111
11001110011110000100000001010010111011100101110101011110110000010001110100010010110100000010000101101010000000001110000011001010
00101001110000001110010110010111111001100111111111011000111100010001011100001001111111000000110110111110110001100111011101111101
01011010111011010011010010111011111001111111110101000011110110000100010111111110110000001000010011000001101001010101101001100110
10110010110010011110101010001010100101000001101100101000111111011101111100110111111100101111010111110010111010010010110011001110
11111001001111110001011101100010001011000011001111001100011000010110000010110011100111010110010100101110000010010110010101111110
01011010001001110100100010101010010100000000110011110100100001101110010010000010101110010100110101110000100010011001000010001000
01011110100111010000000100110000101110101111010111000000011111111100000111010110011000010100110010001000111011010010001101011111
11110001100110100011111000000111100111010110000111110011110110000110011100011010010011100011111010101111001000000010111111101011
11101100111100000111100001101011010000011100101111000101010101011100100011011001010100101111111110001111110010100100110101010001
10111000000110100100110111000011011110001101110101101001111111010110011110000001110011100110101110101010110111010101111110011100
11011001001100101101110001110001110010101101111000001011010010010011010000101110100110010110101110001101101000110011101010000001
00101101100010111101001110101110011010110011000000000101111110101101011101110000011001100011110001100100111010111110011011000011
11111011111111111101000000111001000110111111001100110010101110111000111100101000010010001100111110110000100011100000111110001101
01010001101001001010010000111100110011100101000011001101111111110010001011001010100101000101110011000100000111010101110101101101
00111001110110010100110101000110000001001011110000001100110110011100101011000001011011110110000101110100010010000100000001010100
11010001010011010001001100110101101011010011100011011011010111100110000000111010001110111011010110110110010001110111011111100010
11111010101100111010011101010001001011110011001000000001110001001011100110001111010010011001101010110011100101100101101111011110
01000011010011011010111101000111111110111010001100111101111111101101110110111101011111101010001110101110010001101001011011111001
11010010000110100010010010101000101011011101011100000011000101101010001001101100010100110001110110001111010010010101011101011001
01100001010100111111011011011100101110101000010111111010101100010011011110111100101110111011000000100010111110100010100010101000
00010011110000110001010100100111000011110001111010000000101000000001110011101110110011000001111101010111010101011010110001110111
10110110010011100110110010011110100000100110011100001011101001110011111101110011100101110011011100110011110011010101011001011101
01000111001110110000001100110011000011111000010010000011001000010100010011011110011010100011101101000000100110000001100011010101
10111011000000101111011001001001111000010111000111101110010010011001011101110010111110101000011111111010001011110011001011100000
10110001101110110011010111010000111101100100100110111111001101010010111100001111011100011100110000001001010111110111011010010010
11011011011011111010010100010110101110000011100100001001010101000111100111000000110111000101010001011110000100110000111000100001
00110011000111010001111110000111011000011000010011100110010111111000011100000011100110011010100001111110010111010001001001100001
01001111101010001110101000000110000000111000110100000001010101000110100110110101111111011100000010110001011001000100011000000000
01010001011111100110001110101001110001110111001111001100010101000011011110010110100110010100011000011111001001110000010000000000
00110011110011110011001000110100011010010011011000000111010000100011000100100000001000110001000101000100000111101101000001011110
10101001000100111011111010010111110100100010110011101000111100011111110110000011101010010101111000100001100000001011000100010001
01001010001100000101011111011000000010111000110101100001111010001011010111101110011101100110101001010001010010101100100110101110
00110011110001001001100101110001011111101000110101100100001011001011100100110001111101101110101100010111100101000000011011010000
11101110011010101101001101011000000100011100100110000011011111111110001001000000000101100111111011110001011010000011010111010000
01000100000010111010111100100011001111010000101001111000000001101101101011111101001111010000110111010000011100111110110110101111
10001100010110100101111100000011011011001000011111100101001111010000011000101100001000101010110010111000010110001101011111101100
11100110100110011011001000001001110111100000000110100001100111001001101100111001111000011000111100100000100100100100000001010000
00011011010111001011000101011001000010011100111011100011101111110011100000100010110110001000000001110011111010011000010100111100
10001000101011010101001111110111010100001000001111111001100000010010001001000001101110101111010010001010001010111110111101101011
11111011101101100101010010101000010001011101010000110110011100000110111101110001110101101011101011000110111111011010111111111000
00000111011010010101101110001111101001110010100011000001000001101110101111101001000100000001111011111001101011010000100011011110
11110110001000001111101010001100010110101011010110111100101110010100001011110111100111110001000101110010011100111000001100111100
00110111110011101111111101111011110101010111010010010000110000111010000001001100110111010100111100111100001100111100101110111101
00001101001100011000010010111011110000111101100001110100100110111011001101100100100000001001001111101011110001010011010100001000
01011000111100010011101010111000010011110110011010111000111010111010110010101011010100101111001101101001100100010000111100010111
11001011011111000110100100111111101111101110110111101111100101010100001010010101001110010101010000111101101001010110000000110011
01101111000100101101011001110111110100100101000110001101000000000101010000010010000110010010101001000100111011000011000100001000
00110110010111001001001111001111101010011100000100000001100010101000111001000100111000100110111111100100010010100100111011110100
01010111010011000100101101010111000001100011111001011001110000000011111100111011010011111100010001111101010001101011111010100101
10111001111101010100111000011000110010110000100000001001000010111101111010111111110011110001111100101010001000001001100100111101
00111100011110000010101100000101001110100100100011010100000011001000110100100001011010000001111011111110010110011101001010001010
00100000010101101011111110100001010011101011000000000000110010011101011001011011101100100010111000011111000010011110110000100110
01101011010111011001111101010100101101100001101101000100011101001001011111010000000011011000000100110000111101101010001110001011
11001110100011101100010000000101001100011011110000110010001010110010001101110110011010011100101101000110110000010011001001101110
00110000111011100101111011010110001111010110011011010001101101101111001101000100001101010001001111000110101110101001111011011001
00101100001110001110011110000100110000000000111011011001110100010100001010000110110010000111110011000100111101001100100010010000
00001010010001010001111011000011100011101000110110001000011100010101001001100101011001100101001100110110100111101011111010000100
10011100011010011100111100010011000110011001010010011100010100110111110000001011111100101101000100111110001001000011001110011100
10000011000110110101001010110100100000001110001110000011001000110101110111011010101001011001001001100100101010111001100011000000
01000011001001101011001111011101111010010110111010111110110111111001000100010110101100101111110000011000100111011000001101000111
10010100100101110010110011010111110111010110000111011000001100111110110111100010110111111010110101000111010000111111011001111010
00100011011001000101111110111011101101001010100101111000101100100110111010000100011011100111101101010011110101100100011110010001
01110110001101001011011100001101111001011010010111001101010101001000001100000100001100000101000010100100010111111101111010111011
10110101010101000001101110010100001010111101101111110111100010011000001000001101110010110111110011110111000111000111101110100100
11110100111001011110110010011011000110101001101011010010000101001110110011100101100110110110110101101001001010000111111100011101
10100001110110001010110110000001110110000111101010001110111001011111010001000100001001011111100111111011011100111100111001010000
11010000000110001100000101010001011011000011110000011001101001001101010001111000001101010000011011110111011101101110000111100111
00101000110110000010001000101111111001001101000011100010110100000000110110100001011011101001000010100010011010111011001001010111
00110100000111111110110110010001110011111100000000101010110010111111101110000110001110101011100111001000000110010100011111001101
01011111101001110010100101110011100000010100111011100101101111110100001010101110011100100000101011001111100111111111010110101100
10111001000001101000111011000100000101111110100100001000001100001101001001001100011000011000010111011100100111010111100111110100
11110110100111100000011100101110000001001100011011001111010000101101101011101001001010101110101111111100110101011000111100011111
00100010010001100101011001101110001100101000000001011011001010001001010001011100100000011001001001010000011010101111100110000101
11110010001010011000000010010100011000000110111000010011111101000101100001100011000101010010000011001010111011101011110101110110
00000011010100100100001011111111000011101101010001000010111011001011010000101100000000010000010111000001110111010001011111000000
11001001011001001010011100111010110000100110001101001001011000001010011100110111110100101100010101001111100001011001101110010111
11100011000111001110000001100001100111000010011101010000011010001110011011110010011100101101111100111101000101111000101011011110
01110001011001101010100011010110110001011011101011000001001000111011111001111111001101001111110000010110010111010100111000010001
01011100010010011101100000101111011000001110011001100101011101101111111111101011100101100110011001111001110000001101001011000000
11001000110101000000001111110001101011111111100000001001000101101011100111110111000110101011000000111001111101100000110110001010
10000001000101110011010100011000110100110100111100100010001000011011000001010111100110111011101110001011110000100100001110000101
10000111100101110100110110011100100101011010111110111111000010110110101010011101010100001001111100000010011101100101100011001000
01110011001010100111101101011101101110100100001100110010011110001000110000100100111001011011000011010100100110100111100100100111
01101010000111000011001100100000001010010101111001110011110011000000011110001111100010001101100111100010110000110100010011100011
11111111101001110001110101100100110110100001001111000011100100011101010010000001000110110111101001000011100000000001000011000110
10000110111000011111010000011101011010111011111110111001110011001000100011010100111111000010100100100110010101000100110000010111
11100000110110110000101111110110100101010011010011110001001100000101110011000001001101001001000011010111101000100101110000100110
10010110111010110111010110110010100100001110100001011100100011100000110011110110011100010110011001100000101100001000010110000110
00001010101110001110101001100110111010001110111101010000001001100111101100001101110100111000001001010101001111010011010000101001
11111010001100011111100100001100010110100011110100010001001011100000101111111001110101010111111010011011000010000100101100111111
01001011001100010101100011100111001100110111101010001000100101110000100100000000100111000001111110110001010010011110011101001011
10111110100110101001100010010000101011011001101101001110001011011110011010111011101110011011111011110001011101001100111000110000
01000001110000110011010000110101111010101000110101100110011101000001000100111100011100111011010000010011011010001010001000110001
01110110100001010000111110001111011111011111000111000100000100111000001011000100000101001001101110011101110010001100011000010000
01110000010000010101111100110010101011010110100001110011011001101011000011101000010111000001011111111010111000111101001110110100
00011011101101000100001111100011010000110110010100110010101001101001110111110101110100000001011010000000001111001010011101110011
01110110010011101101000110111110100000101111101010111001110001000100000011100101101110010111111100001111010100000000100110010001
00100110110010110110010111101010001001101111110101101000101110010111101000011101010100111011100111111100001111001111101101010010
00110011100011001100100011101100000100101011111110001001111110100010010001100110101100000000110001010100011110011111011000010110
00100110111111000110100101110101111101011010110000000110010110000001001100001010111010110101101110011110000101010100111000010010
01110101101101000011010011001111111100101011000100101100011001100000011010011000101100110110100011101001100000111101111011111001
11101100110111111000100001101000101110000110110000011000101011111110000010110111001010010101101100000000100100110001001110010000
00111111111011100101011100001110010111111100011101100110100011101011001011001011110101100110001001010100101100001100011001100100
11101000001111001000110011110110110010110011000010110010111011011001101111101011001010110110101001001101111001010101101110011110
11011000110101000011100111001001100000101011101101110100110011000011001111111001010101100100000000011010000111000101010000110101
10110011000110001010111000101100111010001110011010001100111011000001110100110010011000110100011000110111000101011100010000110000
00100011001111101110000110001111101111110100100000010110101100000110101110001001110111001101111100011110001000011000111101011110
00000011110111111111110000001010011011011101010110001110111101011111110111011000111100001100000100010100100000011010011111101111
00001110011010010001101100000010000110110011110111010111110110001101011010100011110000111010110001111101011010011101100110011110
11011011010111001001100000101111001111101000111000111110101101000011011100111000000111111000010011010100111010110110010111010001
11000101110001001000001011101000100110011001111011101001011010110100111000100001000100000011000010101111001001101101010111011101
00100111000100110011110110010101100011011110010101111001101100110101111011011111001110001011111101100110110010011001010111111111
00110000011000001011010110110100101000000110111101111100001111000111111001110000010111110000101010011011000101111110101000010011
10101011101010111000001110100011100111010010101010111001010100110000101110111000000011011100100000111111100100001110011101000100
11010111110111001111111101000111011011000110111110110111001111100111110000110001011011110111011110010011111000000011101101001000
01100000101011111110101100110001000001111111011101101011010001000001000000110000111001000110000110010011011001111001001010001011
11011010000110001110010011111000011111100011010100101111110000101010011010001110011000000101011111010111011001011110100100111010
11111110100000000101110111011010100001001111100110000101000000010110000100110101100011100000100001100001001110110101110011100101
10101010000011111111001111011110001000100111010000010010111101000001010001100010110011110111111010111000000011000110111110000110
11101000110010010001101101111110110000001011100110011011001000100010110101001011000000011010111010100000011010100011000000010001
00000011011111000100110100110101000111010101110101001000010011010110010010110011010011101001111101111000000010100111000100010100
11101110110000011000110001001011011110000001111101111101111100011000000011010011010011111011001011000001111001011001010111010101
00011001001101101101001000001101111001001100110000110110010010001011001000100111000111110110110010101100001001100011011001100101
10001100001011001101001011000110110101001101000010000101101010101100110110111111010110011001001101100100001011110000111010000111
11110010110001100010100110001001110001111010011100100011010100101001000100111100101000001000011101010011101000111001000000001111
10100100110111101100010100100000100111110011000111001101110101101100011000010010111011011110100010111001101110101100111000010010
11010111110011101000101010101110000110100001100110110100000011110101111001100010101101011000000001111001101001011110000000110110
11110100010000011111101111000111111001011111010001111100111110100001110010001010011010001001011011100100011000101010110110000001
10001011010000000110011101011000101100001101100011100100001011010100100011000101110110010111100111100000110010111001010000110010
01111101001101001111111100100011010110111100101110100011011011111100111011000011000101000011010101110010110110000110011010110001
10101000111101110111000000101011011001000011011110101010101000010001000110001110000000101111110110001100011101000101101110010100
10111111110100110111011010001010110001110111100010111001111110110010100100101100010011110001000101010101100011101011100000101100
00011000100011110000100010111001000001111101110011111010000000111001100000001001101100000011111100100001001100011001010111010100
11101110100110100010000000001100011100100010001101010001001111010101010101001001110011001111011000010100101110011011110100000000
10000100010101111001011100000101001110110110100110100100011100110111010111010010011010000100011101000100001110011001011111110001
01100000100010100111100111010011101011000001010110001111000001111110110000011100100100001010101001111101000010101101100000011001
01100000011100100010110001000010100001101111011000000010110011110001100101001110110101010000101101101000100010111111001101100100
01010101001001001000001000110101011110011101101111011111000110100110111000110110111111001101011110100100001101011010011110010000
10000100110010011111000000100000000011100010100010110101011101110100010111011101110101000110110000111010011011110101010110011111
10110001101110101000110001110111010001001001110100000010110010001010100011100111000001011000010001111001110001001101001100100111
10101000001001101000001101000010000000011000011100001101001011111010101001111011011101100001100010010101111111111101001000001100
10010110111011100000000001010110101111010001101110110110011111111110011010011110101100000110101110001001000110100011110001110111
01110111100011101111011011101110001011011011100010010101111111111101111010000101010100001101010011100101010010111001001101010011
10110011111011000001010101000101010001011101011001111011110101000010010010000001001010111101110110010000101101101010111111101000
10001110010010011100001110110000011110111111110011101110000101011111110001001011010100100000101111110000101001101110110001100110
